###5339
-0.34765625
0.12109375
-0.3873697916666667
0.015625
0.109375
0.05533854166666666
0.39192708333333337
-0.034505208333333315
9968.5
22310
9910
22032
9820.5
22053
9810.5
21986
###5331
-0.265625
0.12760416666666666
-0.23307291666666669
0.07552083333333334
0.08658854166666663
0.09114583333333334
0.24348958333333337
0.0546875
9968.5
22309
9910
22032
9821
22053.5
9806.5
21986
###5355
0.26953125
0.06640625
0.33658854166666663
0.03971354166666666
0.228515625
0.05794270833333334
0.08072916666666663
0.018229166666666685
9676.5
22255
9696
22215
9703
22245.5
9764
22218
###5363
-0.142578125
0.1171875
0.384765625
0.10026041666666666
0.42838541666666663
0.005859375
0.38997395833333337
-0.054036458333333315
9686
22535.5
9360
22395
9676
22254.5
9719.5
22240
###5375
-0.298828125
0.078125
-0.22916666666666669
0.06901041666666666
-0.10026041666666669
0.09830729166666666
0.478515625
0.080078125
9686
22534.5
9668.5
22502
9615
22541.5
9360.5
22393.5
###5383
-0.4876302083333333
-0.006510416666666685
-0.3860677083333333
-0.040364583333333315
-0.16471354166666669
0.03515625
-0.080078125
0.11067708333333334
9686.5
22536
9670
22503
9627.5
22530.5
9546.5
22650.5
